2,7
2,6
2,5
2,4
2,2
1,6
1,4
1,2
0,511
0,510
0,508
0,503
0,502
0,500
0,499
0,498
0,495
0,493
0,492
0,486
0,485
0,483
0,482
0,480
0,479
0,477
0,474
0,473
0,472
0,471
0,470
0,467
0,463
0,462
0,460
0,459
0,458
0,455
0,454
0,453
0,452
0,451
0,450
0,449
1,1
1,5
0,445
1,3
0,433
1,0
0,432
0,429
0,426
0,425
0,423
0,419
0,417
0,410
0,406
2,1
0,395
0,380
2,12
0,377
0,371
0,361
2,3
0,358
0,355
2,0
0,352
0,349
479,1
0,346
479,3
0,338
0,332
0,330
479,0
0,325
0,322
0,465
0,318
0,461
0,315
83,1
0,312
83,3
0,301
0,444
0,243
475,7
0,435
475,6
83,0
475,5
0,481
475,4
0,464
0,488
475,1
475,3
0,496
0,507
475,0
0,357
0,9
0,310
0,305
0,456
0,505
0,490
0,475
0,466
0,476
0,457
0,446
0,447
0,448
0,442
0,478
0,491
0,494
0,501
0,504
0,487
0,484
0,469
0,468
0,308
0,497
0,304
0,506
0,303
0,302
0,307
0,443
0,12
0,394
0,10
0,489
0,8
0,0
0,434
0,300
0,400
0,299
0,375
0,298
0,431
0,297
0,430
0,296
0,295
0,428
0,294
0,427
0,293
0,292
0,344
0,291
0,424
0,290
0,289
0,422
0,288
0,421
0,287
0,420
0,286
0,372
0,285
0,418
2,8
2,9
2,11
2,13
2,15
2,16
2,18
2,20
2,21
2,23
2,24
2,26
2,28
2,29
2,31
2,32
2,34
2,35
4,0
2,66
4,3
4,1
2,68
2,69
2,70
2,71
2,73
2,74
2,76
2,77
2,79
2,81
2,82
2,84
2,85
2,87
2,89
2,90
2,93
2,94
2,96
2,97
2,99
2,101
2,102
2,104
2,105
2,107
2,110
2,111
2,113
2,114
2,116
2,128
5,0
5,2
5,3
6,1
6,2
7,0
7,2
7,3
8,0
8,1
8,3
9,0
9,1
9,3
9,4
10,1
10,2
10,4
10,6
11,0
11,2
11,3
11,5
12,0
12,1
12,3
12,4
12,6
12,7
13,1
13,3
13,4
14,1
14,2
14,4
14,6
15,0
15,2
15,3
16,1
16,3
16,4
17,1
17,2
17,4
18,0
18,2
18,4
18,5
19,1
19,2
20,0
20,2
20,3
21,1
21,2
22,0
22,1
22,3
23,1
23,2
24,0
24,1
24,3
25,1
25,2
26,0
26,1
26,3
27,0
27,2
28,0
28,1
28,3
29,0
29,2
30,0
30,1
30,3
30,4
31,0
31,1
31,3
31,5
32,0
32,2
32,3
33,1
33,3
33,4
34,1
34,2
34,4
34,6
34,7
35,0
35,1
35,3
35,4
35,6
35,8
35,9
36,0
36,1
36,3
37,0
37,1
37,3
38,0
38,2
38,3
39,0
39,2
39,3
40,0
40,1
40,3
41,0
41,1
41,3
41,4
42,0
42,1
42,3
42,5
43,0
43,2
43,3
44,0
44,2
44,3
44,5
45,0
45,2
45,4
45,5
45,7
46,0
46,2
46,3
46,5
46,7
47,0
47,2
47,3
47,5
47,7
48,0
48,2
48,3
48,5
48,6
49,0
49,2
49,3
49,5
49,6
50,0
50,2
50,3
50,5
51,0
51,2
51,3
51,5
52,1
52,2
52,4
52,5
53,1
53,3
53,4
53,6
54,0
54,2
54,3
54,5
54,7
55,0
55,2
55,3
56,0
56,2
56,3
56,5
57,0
57,2
57,4
57,5
58,1
58,2
58,4
58,5
59,1
59,3
59,4
60,1
60,2
60,4
61,1
61,2
61,4
62,0
62,2
62,3
62,5
63,0
63,1
63,3
63,4
63,6
63,8
64,0
64,2
64,3
65,0
65,1
65,3
65,5
65,6
66,1
66,2
66,4
66,6
67,0
67,2
67,3
67,5
68,0
68,1
68,3
68,4
69,0
69,1
69,3
69,5
69,6
70,1
70,2
70,4
70,6
71,0
71,2
71,3
71,5
71,6
72,1
72,3
72,4
72,6
73,0
73,2
73,4
73,5
74,1
74,2
74,4
74,5
75,0
75,2
75,3
76,1
76,2
76,4
77,1
77,2
77,4
78,0
78,2
78,4
79,0
79,2
79,3
79,5
80,0
80,2
80,4
81,0
81,2
81,3
82,0
82,2
82,3
83,2
83,4
84,1
84,2
84,4
85,0
85,1
85,3
85,4
86,1
86,3
86,4
87,0
87,1
87,3
87,4
88,0
88,2
88,3
89,1
89,2
90,0
90,2
90,3
91,1
91,2
92,0
92,1
92,3
93,1
93,2
94,0
94,1
94,3
95,1
95,2
96,0
96,1
96,3
97,1
97,2
98,0
98,1
98,3
99,0
99,2
99,4
100,0
100,2
100,3
100,5
100,7
101,0
101,2
101,3
102,1
102,2
103,0
103,2
103,3
104,1
104,2
105,0
105,2
105,3
106,1
106,2
107,0
107,1
107,3
108,1
108,2
109,0
109,1
109,3
110,1
110,2
111,0
111,1
111,3
112,1
112,2
112,4
113,0
113,2
113,3
113,5
114,1
114,2
114,4
114,5
115,1
115,3
116,0
116,2
116,3
116,5
116,6
116,8
117,1
117,2
117,4
117,5
118,0
118,2
118,3
119,1
119,2
120,0
120,1
120,3
121,1
121,2
122,0
122,1
122,3
123,1
123,2
124,0
124,1
124,3
125,0
125,2
126,0
126,1
126,3
127,0
127,2
128,0
128,1
128,3
129,0
129,2
129,4
129,5
130,1
130,2
130,4
130,5
131,0
131,2
131,3
131,5
131,6
132,1
132,3
132,4
132,6
132,7
133,1
133,2
133,4
133,6
134,0
134,2
134,3
134,5
135,0
135,1
135,3
135,4
135,6
135,7
136,1
136,3
136,4
137,0
137,1
137,3
137,5
137,6
138,0
138,1
138,3
138,5
138,6
139,0
139,1
139,3
139,4
139,6
140,0
140,1
140,3
140,4
140,6
141,0
141,1
141,3
141,4
141,6
141,7
142,1
142,3
142,4
143,0
143,1
143,3
143,5
144,0
144,2
144,3
144,5
145,0
145,2
145,4
145,5
145,7
145,8
146,1
146,3
146,4
147,1
147,2
148,0
148,1
148,3
148,5
148,6
149,1
149,2
149,4
150,1
150,2
150,4
150,5
151,1
151,3
151,4
152,0
152,1
152,3
152,4
153,0
153,2
153,3
153,5
153,6
154,1
154,3
154,4
155,1
155,2
155,4
155,5
155,7
156,1
156,2
156,4
157,0
157,2
157,4
157,5
158,1
158,2
158,4
158,5
159,1
159,3
159,4
160,1
160,2
160,4
161,0
161,1
161,3
161,4
162,0
162,2
162,3
162,5
163,0
163,2
163,3
164,0
164,2
164,3
164,5
164,6
165,1
165,3
165,4
165,6
166,0
166,2
166,3
166,5
167,0
167,1
167,3
167,4
168,0
168,2
168,3
169,0
169,1
169,3
170,0
170,2
171,0
171,1
171,3
172,0
172,2
173,0
173,1
173,3
174,0
174,2
175,0
175,1
175,3
176,0
176,2
176,3
177,1
177,3
178,0
178,2
178,3
179,1
179,3
179,4
179,6
180,0
180,2
180,3
180,5
181,0
181,1
181,3
181,4
181,6
182,1
182,2
182,4
182,5
183,0
183,1
183,3
183,5
183,6
184,1
184,2
185,0
185,2
185,3
186,0
186,1
186,3
186,4
190,1
190,3
190,4
191,0
191,1
191,3
191,5
191,6
192,1
192,2
192,4
193,1
193,2
193,4
193,5
193,7
194,0
194,2
194,4
194,5
195,0
195,1
195,3
195,5
196,0
196,2
196,3
196,5
198,0
198,2
198,4
202,0
202,2
202,3
203,0
203,2
203,3
204,0
204,1
204,3
204,4
204,6
204,8
204,9
205,1
205,2
205,4
205,6
205,7
206,1
206,2
206,4
207,0
207,1
207,3
207,4
207,6
207,7
208,0
208,2
208,3
208,5
209,0
209,2
209,4
209,5
210,1
210,2
210,4
211,0
211,2
211,4
211,5
211,7
212,0
212,2
212,4
212,5
212,7
213,0
213,2
213,3
214,0
214,2
214,3
215,0
215,1
215,3
216,0
216,1
216,3
216,4
217,0
217,1
217,3
218,0
218,1
218,3
218,4
219,1
219,3
219,4
219,6
219,7
220,1
220,3
220,4
220,6
220,7
221,0
221,1
221,3
221,5
222,0
222,2
222,3
222,5
223,1
223,2
223,4
224,0
224,2
224,3
224,5
224,7
224,8
224,10
224,11
224,13
225,0
225,1
225,3
225,4
225,6
225,7
225,9
225,11
225,12
225,14
225,15
225,17
226,1
226,2
227,0
227,1
227,3
228,1
228,2
229,0
229,1
229,3
230,0
230,2
231,0
231,1
231,3
232,0
232,2
233,0
233,1
233,3
234,0
234,2
234,3
235,1
235,3
236,0
236,2
236,3
237,1
237,3
237,4
238,1
238,2
238,4
238,5
239,1
239,3
239,4
240,0
240,1
240,3
241,0
241,1
241,3
241,4
241,6
241,7
241,9
241,11
242,0
242,2
242,3
242,5
242,7
242,8
242,10
242,11
242,13
242,15
242,16
243,1
243,2
244,0
244,1
244,3
245,1
245,2
246,0
246,1
246,3
247,1
247,2
248,0
248,1
248,3
249,0
249,2
250,0
250,1
250,3
251,0
251,2
252,0
252,1
252,3
253,0
253,2
253,3
254,1
254,3
254,4
255,1
255,2
255,4
255,6
256,0
256,2
256,3
256,5
257,1
257,2
257,4
257,5
257,7
257,8
257,10
257,12
258,0
258,2
258,3
258,5
258,7
258,8
258,10
258,11
258,13
258,14
259,0
259,2
259,3
260,1
260,2
261,0
261,2
261,3
262,1
262,2
263,0
263,1
263,3
264,1
264,2
265,0
265,1
265,3
266,1
266,2
267,0
267,1
267,3
268,1
268,2
269,0
269,1
269,3
270,0
270,2
270,4
271,0
271,2
271,3
271,5
272,1
272,2
272,4
272,5
272,7
272,8
272,10
272,12
273,0
273,2
273,3
273,5
273,7
273,8
273,10
273,11
273,13
273,14
273,16
274,1
274,2
275,0
275,1
275,3
276,1
276,2
277,0
277,1
277,3
278,0
278,2
279,0
279,1
279,3
280,0
280,2
281,0
281,1
281,3
282,0
282,2
283,0
283,1
283,3
284,0
284,2
284,3
285,1
285,3
285,4
286,1
286,2
286,4
287,0
287,1
287,3
287,4
288,0
288,1
288,3
288,5
289,0
289,2
289,3
289,5
290,1
290,2
290,4
290,5
291,1
291,2
291,4
291,6
292,0
292,2
292,3
292,5
293,1
293,2
293,4
293,5
294,1
294,3
294,4
295,0
295,1
295,3
295,4
296,0
296,2
296,3
296,5
296,6
297,1
297,3
297,4
297,6
298,0
298,2
298,3
298,5
299,0
299,1
299,3
299,4
300,1
300,3
300,4
300,6
301,0
301,2
301,3
302,1
302,3
303,0
303,2
303,3
304,0
304,2
304,3
305,0
305,1
305,3
305,4
306,1
306,3
306,4
307,1
307,2
307,4
308,1
308,2
308,4
309,0
309,2
309,4
310,0
310,2
310,3
310,5
310,6
311,1
311,3
311,4
312,1
312,2
312,4
313,0
313,1
313,3
313,4
313,6
314,0
314,2
314,4
314,5
315,0
315,1
315,3
315,5
316,0
316,2
316,3
317,0
317,1
317,3
317,5
318,0
318,2
318,3
319,1
319,3
320,0
320,2
320,3
320,5
321,1
321,2
322,0
322,1
322,3
323,0
323,2
323,4
324,0
324,2
324,3
325,0
325,2
325,3
325,5
327,0
327,2
327,3
327,5
328,1
328,2
329,0
329,1
329,3
330,1
330,2
331,0
331,1
331,3
332,0
332,2
333,0
333,1
333,3
334,0
334,2
335,0
335,1
335,3
335,4
335,6
336,0
336,2
337,0
337,1
337,3
337,4
338,1
338,3
339,0
339,2
339,3
340,1
340,3
340,4
341,1
341,2
341,4
341,5
342,1
342,3
343,0
343,2
343,3
343,5
344,0
344,1
344,3
344,4
345,1
345,2
345,4
346,1
346,2
346,4
346,5
347,1
347,3
347,4
348,0
348,1
348,3
349,0
349,2
350,0
350,1
350,3
351,0
351,2
352,0
352,1
352,3
353,0
353,2
353,4
353,5
353,7
353,8
354,1
354,2
354,4
354,6
354,7
355,0
355,1
355,3
356,1
356,2
356,4
356,5
356,7
356,8
357,1
357,3
357,4
357,6
358,0
358,2
358,4
358,5
359,0
359,1
359,3
359,4
359,6
360,1
360,2
360,4
361,0
361,2
362,0
362,1
362,3
363,0
363,2
363,4
364,0
364,2
364,3
365,1
365,2
365,4
366,1
366,2
366,4
367,0
367,2
367,4
368,0
368,2
368,3
369,0
369,1
369,3
369,5
369,6
370,0
370,1
370,3
371,0
371,1
371,3
372,0
372,2
372,3
373,0
373,2
373,3
374,1
374,2
374,4
374,6
375,0
375,2
375,3
376,1
376,2
377,0
377,2
377,3
378,1
378,2
379,0
379,2
379,3
380,1
380,2
380,4
380,6
381,0
381,2
381,3
381,5
381,6
382,1
382,3
382,4
383,1
383,2
383,4
384,0
384,1
384,3
384,4
385,1
385,2
385,4
386,0
386,1
386,3
386,4
387,1
387,3
387,4
387,6
388,0
388,2
388,3
389,0
389,2
389,3
389,5
390,0
390,2
390,4
390,5
391,1
391,2
391,4
391,6
392,0
392,2
392,3
392,5
392,6
393,1
393,3
393,4
393,6
394,0
394,2
394,4
394,5
395,0
395,1
395,3
395,4
396,1
396,3
396,4
397,1
397,2
397,4
398,1
398,2
398,4
399,0
399,2
399,3
400,1
400,3
401,0
401,2
401,3
402,1
402,3
403,0
403,2
403,3
404,1
404,2
405,0
405,2
405,3
406,1
406,2
407,0
407,2
407,3
408,1
408,2
409,0
409,2
409,3
410,1
410,2
410,4
410,5
411,0
411,2
411,3
412,0
412,1
412,3
412,5
413,0
413,2
413,3
414,0
414,1
414,3
415,0
415,1
415,3
415,4
416,1
416,3
416,4
417,1
417,2
417,4
418,0
418,2
418,4
418,5
418,7
419,0
419,2
419,4
419,5
419,7
420,0
420,2
420,4
420,5
420,7
421,0
421,2
421,3
422,0
422,2
422,3
423,1
423,2
423,4
424,1
424,2
424,4
425,0
425,2
425,3
426,1
426,3
427,0
427,2
427,3
427,5
428,0
428,1
428,3
428,4
428,6
429,0
429,2
429,4
429,5
430,1
430,2
430,4
431,1
431,2
431,4
432,0
432,2
432,3
432,5
433,1
433,2
433,4
434,0
434,2
434,4
434,5
435,1
435,2
435,4
436,0
436,1
436,3
436,4
437,1
437,2
437,4
438,1
438,2
438,4
439,0
439,2
439,4
439,5
440,1
440,2
440,4
440,5
441,0
441,2
441,3
442,1
442,2
442,4
443,0
443,1
443,3
443,4
443,6
444,0
444,2
444,4
444,5
444,7
445,0
445,2
445,4
445,5
446,1
446,2
446,4
447,0
447,1
447,3
447,4
448,0
448,1
448,3
448,5
448,6
449,1
449,2
449,4
450,0
450,1
450,3
450,4
451,1
451,2
451,4
452,1
452,2
452,4
453,0
453,2
453,4
454,0
454,2
454,3
455,0
455,1
455,3
455,5
456,0
456,2
456,3
456,5
456,7
457,0
457,2
457,3
457,5
458,1
458,2
458,4
458,5
459,0
459,1
459,3
460,0
460,1
460,3
461,0
461,2
461,4
461,5
464,1
464,2
464,4
465,0
465,2
465,4
466,0
466,2
466,3
466,5
467,1
467,2
468,0
468,1
468,3
469,0
469,2
470,0
470,1
470,3
471,0
471,2
472,0
472,1
472,3
473,0
473,2
473,3
474,1
474,3
475,2
476,1
476,2
477,0
477,2
477,3
478,1
478,2
479,2
480,1
480,2
481,0
481,1
481,3
482,0
482,2
483,0
483,1
483,3
484,0
484,2
485,0
485,1
485,3
486,0
486,2
486,3
499,1
499,3
499,4
499,6
499,7
499,9
499,11
500,0
500,2
500,3
501,1
501,2
502,0
502,2
502,3
503,1
503,2
504,0
504,2
504,3
505,1
505,2
506,0
506,2
506,3
507,1
507,2
508,0
508,1
508,3
509,1
509,2
510,0
510,1
510,3
511,1
511,2
511,4
511,5
512,1
512,2
512,4
512,6
512,7
512,9
513,0
513,2
513,4
513,5
514,1
514,2
514,4
514,5
514,7
515,1
515,2
515,4
515,5
516,0
516,2
516,3
516,5
516,6
517,1
517,2
517,4
517,6
518,0
518,2
518,3
518,5
518,6
518,4
518,1
517,5
517,3
517,0
516,4
516,1
515,6
515,3
515,0
514,6
514,3
514,0
513,3
513,1
512,8
512,5
512,3
512,0
511,3
511,0
510,2
509,3
509,0
508,2
507,3
507,0
506,1
505,3
505,0
504,1
503,3
503,0
502,1
501,3
501,0
500,1
499,10
499,8
499,5
499,2
499,0
486,1
485,2
484,3
484,1
483,2
482,3
482,1
481,2
480,3
480,0
478,3
478,0
477,1
476,3
476,0
474,2
474,0
473,1
472,2
471,3
471,1
470,2
469,3
469,1
468,2
467,3
467,0
466,4
466,1
465,3
465,1
464,3
464,0
461,3
461,1
460,2
459,4
459,2
458,6
458,3
458,0
457,4
457,1
456,6
456,4
456,1
455,4
455,2
454,4
454,1
453,3
453,1
452,3
452,0
451,3
451,0
450,2
449,5
449,3
449,0
448,4
448,2
447,5
447,2
446,5
446,3
446,0
445,3
445,1
444,6
444,3
444,1
443,5
443,2
442,5
442,3
442,0
441,1
440,6
440,3
440,0
439,3
439,1
438,3
438,0
437,3
437,0
436,2
435,5
435,3
435,0
434,3
434,1
433,3
433,0
432,4
432,1
431,3
431,0
430,3
430,0
429,3
429,1
428,5
428,2
427,6
427,4
427,1
426,2
426,0
425,1
424,3
424,0
423,3
423,0
422,1
421,4
421,1
420,6
420,3
420,1
419,6
419,3
419,1
418,6
418,3
418,1
417,3
417,0
416,2
416,0
415,2
414,4
414,2
413,4
413,1
412,4
412,2
411,4
411,1
410,6
410,3
410,0
409,1
408,3
408,0
407,1
406,3
406,0
405,1
404,3
404,0
403,1
402,2
402,0
401,1
400,2
400,0
399,1
398,3
398,0
397,3
397,0
396,2
396,0
395,2
394,6
394,3
394,1
393,5
393,2
393,0
392,4
392,1
391,5
391,3
391,0
390,3
390,1
389,4
389,1
388,4
388,1
387,5
387,2
387,0
386,2
385,5
385,3
385,0
384,2
383,5
383,3
383,0
382,2
382,0
381,4
381,1
380,5
380,3
380,0
379,1
378,3
378,0
377,1
376,3
376,0
375,1
374,5
374,3
374,0
373,1
372,4
372,1
371,2
370,4
370,2
369,7
369,4
369,2
368,4
368,1
367,3
367,1
366,3
366,0
365,3
365,0
364,1
363,3
363,1
362,2
361,3
361,1
360,3
360,0
359,5
359,2
358,6
358,3
358,1
357,5
357,2
357,0
356,6
356,3
356,0
355,2
354,8
354,5
354,3
354,0
353,6
353,3
353,1
352,2
351,3
351,1
350,2
349,3
349,1
348,2
347,5
347,2
347,0
346,3
346,0
345,3
345,0
344,2
343,6
343,4
343,1
342,2
342,0
341,3
341,0
340,2
340,0
339,1
338,2
338,0
337,2
336,3
336,1
335,5
335,2
334,3
334,1
333,2
332,3
332,1
331,2
330,3
330,0
329,2
328,3
328,0
327,4
327,1
325,4
325,1
324,4
324,1
323,3
323,1
322,2
321,3
321,0
320,4
320,1
319,2
319,0
318,1
317,4
317,2
316,4
316,1
315,4
315,2
314,6
314,3
314,1
313,5
313,2
312,5
312,3
312,0
311,2
311,0
310,4
310,1
309,3
309,1
308,3
308,0
307,3
307,0
306,2
306,0
305,2
304,4
304,1
303,4
303,1
302,2
302,0
301,1
300,5
300,2
300,0
299,2
298,6
298,4
298,1
297,5
297,2
297,0
296,4
296,1
295,5
295,2
294,5
294,2
294,0
293,3
293,0
292,4
292,1
291,5
291,3
291,0
290,3
290,0
289,4
289,1
288,4
288,2
287,5
287,2
286,5
286,3
286,0
285,2
285,0
284,1
283,2
282,3
282,1
281,2
280,3
280,1
279,2
278,3
278,1
277,2
276,3
276,0
275,2
274,3
274,0
273,15
273,12
273,9
273,6
273,4
273,1
272,11
272,9
272,6
272,3
272,0
271,4
271,1
270,3
270,1
269,2
268,3
268,0
267,2
266,3
266,0
265,2
264,3
264,0
263,2
262,3
262,0
261,1
260,3
260,0
259,1
258,15
258,12
258,9
258,6
258,4
258,1
257,11
257,9
257,6
257,3
257,0
256,4
256,1
255,5
255,3
255,0
254,2
254,0
253,1
252,2
251,3
251,1
250,2
249,3
249,1
248,2
247,3
247,0
246,2
245,3
245,0
244,2
243,3
243,0
242,14
242,12
242,9
242,6
242,4
242,1
241,10
241,8
241,5
241,2
240,4
240,2
239,5
239,2
239,0
238,3
238,0
237,2
237,0
236,1
235,2
235,0
234,1
233,2
232,3
232,1
231,2
230,3
230,1
229,2
228,3
228,0
227,2
226,3
226,0
225,16
225,13
225,10
225,8
225,5
225,2
224,14
224,12
224,9
224,6
224,4
224,1
223,3
223,0
222,4
222,1
221,4
221,2
220,8
220,5
220,2
220,0
219,5
219,2
219,0
218,2
217,4
217,2
216,5
216,2
215,4
215,2
214,4
214,1
213,4
213,1
212,6
212,3
212,1
211,6
211,3
211,1
210,3
210,0
209,3
209,1
208,4
208,1
207,8
207,5
207,2
206,5
206,3
206,0
205,5
205,3
205,0
204,7
204,5
204,2
203,4
203,1
202,4
202,1
198,3
198,1
196,4
196,1
195,4
195,2
194,6
194,3
194,1
193,6
193,3
193,0
192,3
192,0
191,4
191,2
190,5
190,2
190,0
186,2
185,4
185,1
184,3
184,0
183,4
183,2
182,6
182,3
182,0
181,5
181,2
180,6
180,4
180,1
179,5
179,2
179,0
178,1
177,2
177,0
176,1
175,2
174,3
174,1
173,2
172,3
172,1
171,2
170,3
170,1
169,2
168,4
168,1
167,5
167,2
166,6
166,4
166,1
165,5
165,2
165,0
164,4
164,1
163,4
163,1
162,4
162,1
161,5
161,2
160,5
160,3
160,0
159,2
159,0
158,3
158,0
157,3
157,1
156,3
156,0
155,6
155,3
155,0
154,2
154,0
153,4
153,1
152,5
152,2
151,5
151,2
151,0
150,3
150,0
149,3
149,0
148,4
148,2
147,3
147,0
146,2
146,0
145,6
145,3
145,1
144,4
144,1
143,4
143,2
142,5
142,2
142,0
141,5
141,2
140,7
140,5
140,2
139,7
139,5
139,2
138,7
138,4
138,2
137,7
137,4
137,2
136,5
136,2
136,0
135,5
135,2
134,6
134,4
134,1
133,5
133,3
133,0
132,5
132,2
132,0
131,4
131,1
130,6
130,3
130,0
129,3
129,1
128,2
127,3
127,1
126,2
125,3
125,1
124,2
123,3
123,0
122,2
121,3
121,0
120,2
119,3
119,0
118,1
117,6
117,3
117,0
116,7
116,4
116,1
115,2
115,0
114,3
114,0
113,4
113,1
112,3
112,0
111,2
110,3
110,0
109,2
108,3
108,0
107,2
106,3
106,0
105,1
104,3
104,0
103,1
102,3
102,0
101,1
100,6
100,4
100,1
99,3
99,1
98,2
97,3
97,0
96,2
95,3
95,0
94,2
93,3
93,0
92,2
91,3
91,0
90,1
89,3
89,0
88,1
87,5
87,2
86,5
86,2
86,0
85,2
84,5
84,3
84,0
82,4
82,1
81,4
81,1
80,3
80,1
79,4
79,1
78,3
78,1
77,3
77,0
76,3
76,0
75,1
74,6
74,3
74,0
73,3
73,1
72,5
72,2
72,0
71,4
71,1
70,5
70,3
70,0
69,4
69,2
68,5
68,2
67,6
67,4
67,1
66,5
66,3
66,0
65,4
65,2
64,4
64,1
63,7
63,5
63,2
62,6
62,4
62,1
61,3
61,0
60,3
60,0
59,2
59,0
58,3
58,0
57,3
57,1
56,4
56,1
55,4
55,1
54,6
54,4
54,1
53,5
53,2
53,0
52,3
52,0
51,4
51,1
50,4
50,1
49,7
49,4
49,1
48,7
48,4
48,1
47,6
47,4
47,1
46,6
46,4
46,1
45,6
45,3
45,1
44,4
44,1
43,4
43,1
42,4
42,2
41,5
41,2
40,4
40,2
39,4
39,1
38,4
38,1
37,2
36,4
36,2
35,10
35,7
35,5
35,2
34,8
34,5
34,3
34,0
33,2
33,0
32,1
31,4
31,2
30,5
30,2
29,3
29,1
28,2
27,3
27,1
26,2
25,3
25,0
24,2
23,3
23,0
22,2
21,3
21,0
20,1
19,3
19,0
18,3
18,1
17,3
17,0
16,2
16,0
15,1
14,5
14,3
14,0
13,2
13,0
12,5
12,2
11,6
11,4
11,1
10,5
10,3
10,0
9,2
8,4
8,2
7,4
7,1
6,3
6,0
5,1
2,117
2,115
2,112
2,109
2,106
2,103
2,100
2,98
2,95
2,92
2,88
2,86
2,83
2,80
2,78
2,75
2,72
2,91
2,108
2,67
2,65
2,64
2,33
2,30
2,27
2,25
2,22
2,19
2,17
2,14
2,10
0,284
0,283
0,416
0,282
0,415
0,281
0,414
0,280
0,413
0,279
0,412
0,278
0,411
0,277
0,409
0,276
0,408
0,275
0,407
0,274
0,359
0,273
0,405
0,272
0,404
0,271
0,270
0,402
0,269
0,401
0,268
0,267
0,399
0,266
0,398
0,265
0,264
0,396
0,263
0,393
0,262
0,392
0,261
0,391
0,260
0,390
0,259
0,258
0,388
0,257
0,387
0,256
0,255
0,385
0,254
0,384
0,253
0,252
0,382
0,251
0,381
0,250
0,249
0,379
0,248
0,331
0,247
0,246
0,376
0,245
0,378
0,244
0,374
0,242
0,373
0,241
0,240
0,397
0,239
0,370
0,238
0,369
0,237
0,368
0,236
0,367
0,235
0,366
0,234
0,365
0,233
0,364
0,232
0,363
0,231
0,362
0,230
0,229
0,360
0,228
0,335
0,227
0,226
0,326
0,225
0,356
0,224
0,223
0,354
0,222
0,353
0,221
0,220
0,351
0,219
0,509
0,218
0,389
0,217
0,348
0,216
0,347
0,215
0,214
0,345
0,213
0,212
0,343
0,211
0,342
0,210
0,341
0,209
0,340
0,208
0,339
0,207
0,206
0,337
0,205
0,336
0,204
0,386
0,203
0,334
0,202
0,350
0,201
0,200
0,333
0,199
0,198
0,329
0,197
0,328
0,196
0,327
0,195
0,194
0,440
0,193
0,439
0,192
0,438
0,63
0,437
0,62
0,436
0,61
0,60
0,324
0,59
0,323
0,58
0,321
0,57
0,320
0,56
0,319
0,55
0,54
0,317
0,53
0,316
0,52
0,403
0,51
0,314
0,50
0,313
0,49
0,48
0,311
0,47
0,309
0,46
0,306
0,45
0,383
0,6
0,5
0,1
0,441
0,11
0,4
0,2
0,3
0,7
